File	Total Reads	Aligned Reads	Unaligned Reads	Ambiguously Aligned Reads	No Genomic Sequence	Duplicate Reads (removed)	Unique Reads (remaining)	Total Cs	Methylated CpGs	Unmethylated CpGs	Methylated chgs	Unmethylated chgs	Methylated CHHs	Unmethylated CHHs
C1.A10.C1d12_CASS5C_529_159_R1_val_1_bismark_bt2_pe.bam	56319691	39637429	7740647	8941376	239	5908150	33729279	1160567403	39214203	83449584	22692781	138330837	21666789	855213209
C1.B05.C1d1_CASS4C_524_4_R1_val_1_bismark_bt2_pe.bam	52206820	36317190	7562944	8326507	179	5283929	31033261	1056855231	36386643	73737497	20400005	126222907	19059715	781048464
C1.B07.C1b6_FERT39C_20F_71_R1_val_1_bismark_bt2_pe.bam	52311827	36361328	6948726	9001530	243	5597777	30763551	1033324283	34155366	75593517	17833968	125612117	17761025	762368290
C1.C06.C1d4_DRY10C_60_41_R1_val_1_bismark_bt2_pe.bam	58625571	40218298	9020848	9386193	232	6241238	33977060	1161447804	39775433	82248624	22659586	138663361	21467425	856633375
C1.C07.C1c6_MEAD2C_451_76_R1_val_1_bismark_bt2_pe.bam	69803475	49508365	8588928	11705945	237	10916838	38591527	1290612307	40178353	101941543	21812701	157033618	22066647	947579445
C1.C09.C1d11_CASS10C_548_144_R1_val_1_bismark_bt2_pe.bam	53452449	37179479	7367375	8905411	184	5614184	31565295	1040168851	36732583	70508888	21360898	123029298	20622422	767914762
C1.C10.C1f12_FERT31C_15F_170_R1_val_1_bismark_bt2_pe.bam	53722275	37477353	7438073	8806626	223	5646290	31831063	1078357063	36180270	78827167	22843027	126751846	30178123	783576630
C1.D05.C1a2_WILL10C_440_16_R1_val_1_bismark_bt2_pe.bam	62471119	43626564	9503074	9341284	197	7569803	36056761	1250368907	42903807	86949562	23535127	150281526	22038321	924660564
C1.D06.C1h4_DRY2C_10_52_R1_val_1_bismark_bt2_pe.bam	55889191	36710123	10881980	8296856	232	5211660	31498463	1075682845	37854817	72672121	21451860	127859533	21445537	794398977
C1.D07.C1f6_DRY4C_23_82_R1_val_1_bismark_bt2_pe.bam	53302775	37258621	7365005	8678923	226	5317214	31941407	1080710364	37805603	72865804	20440776	129425931	19924400	800247850
C1.D08.C1h8_FERT13C_7F_112_R1_val_1_bismark_bt2_pe.bam	80202895	55677600	12305282	12219685	328	9932326	45745274	1610371602	57742786	106036147	32890644	190601810	34886323	1188213892
C1.E06.C1b5_CASS8C_535_54_R1_val_1_bismark_bt2_pe.bam	52717593	36293100	8097888	8326412	193	5386121	30906979	1089212713	38611794	73005162	21498611	129566638	19754138	806776370
C1.E09.C1g11_DRY9C_53_149_R1_val_1_bismark_bt2_pe.bam	51107885	36116139	7374319	7617236	191	5122091	30994048	1067909622	36231391	74919305	20576701	127822298	19740838	788619089
C1.F05.C1e2_MEAD6C_468_22_R1_val_1_bismark_bt2_pe.bam	54826904	38109890	7465822	9250991	201	6132838	31977052	1068273137	36900652	74814547	20530594	127611709	21566191	786849444
C1.F07.C1f7_MEAD7C_473_95_R1_val_1_bismark_bt2_pe.bam	63203548	43954525	8789782	10458977	264	7237995	36716530	1266377268	39788540	98992798	23198629	152583086	21137351	930676864
C1.F08.C1a10_WILL7C_445_125_R1_val_1_bismark_bt2_pe.bam	54074498	37934453	7466749	8673113	183	5680826	32253627	1137835620	36501874	86684229	21015861	136755511	20718136	836160009
C1.F09.C1a12_WILL1C_406_152_R1_val_1_bismark_bt2_pe.bam	56396034	39534223	7869766	8991815	230	6763695	32770528	1136169809	38920532	80312281	21838130	135944497	23293111	835861258
C1.G05.C1d3_WILL5C_422_31_R1_val_1_bismark_bt2_pe.bam	63860822	45017281	8574249	10269042	250	7922378	37094903	1302746845	44765949	92281345	25439815	155648237	25089983	959521516
C1.G07.C1h7_FERT5C_1F_97_R1_val_1_bismark_bt2_pe.bam	66320579	46044693	9529507	10746122	257	7111501	38933192	1329978970	45076645	93979426	24235868	160133870	24842406	981710755
C1.H05.C1f3_MEAD1C_446_33_R1_val_1_bismark_bt2_pe.bam	60241255	42463992	8483452	9293590	221	6444793	36019199	1266027883	41609444	93864429	25161604	150514054	24956746	929921606
C1.H07.C1b8_WILL3C_414_100_R1_val_1_bismark_bt2_pe.bam	56623613	39544508	8190217	8888695	193	6169445	33375063	1152870042	39126410	82326098	22578698	137425770	20861535	850551531
C2.19.1a1_MEAD_03C_1R0_R1_val_1_bismark_bt2_pe.bam	62390167	45544326	9501656	7343976	209	5092754	40451572	1567495535	45974022	114847075	25624436	192677965	28331654	1160040383
C2.2.3a7_ALAS_00C_231_R1_val_1_bismark_bt2_pe.bam	57646709	42067959	9354664	6223949	137	4759010	37308949	1424615424	47582328	84320191	25570646	172068888	28626653	1066446718
C2.21.1f4_CASS_09C_541_R1_val_1_bismark_bt2_pe.bam	68412534	49779276	10372795	8260270	193	5744033	44035243	1619646456	51289993	109297985	28481839	194035266	32657308	1203884065
C2.25.3d2_LATJ_02C_194_R1_val_1_bismark_bt2_pe.bam	68371811	50814419	9152226	8404980	186	6453000	44361419	1639098478	52594540	108353540	28216228	198574067	33485399	1217874704
C2.27.3e1_LATJ_00C_187_R1_val_1_bismark_bt2_pe.bam	73121593	54343338	10228875	8549150	230	6644141	47699197	1805625041	55703342	122752771	30031186	220284337	34718461	1342134944
C2.4.3e6_ALAS_00C_227_R1_val_1_bismark_bt2_pe.bam	61189016	44732423	9701475	6754997	121	5017220	39715203	1444606896	55185734	78598456	33225793	163640594	39180317	1074776002
C2.6.3g11_SVAL_0C_269_R1_val_1_bismark_bt2_pe.bam	72105011	53089892	10420914	8594040	165	7898217	45191675	1629168458	52984571	119034519	29624508	191718546	36170569	1199635745
C2.9.3f11_SVAL_0C_268_R1_val_1_bismark_bt2_pe.bam	59725920	43933706	8332090	7459938	186	5268468	38665238	1443143665	44660784	103581355	24034800	173159922	26740693	1070966111
C2.A03.C2e12_SVAL8C_8_275_R1_val_1_bismark_bt2_pe.bam	59115432	41930772	7748934	9435499	227	6556306	35374466	1176379918	40098060	85238437	22444659	141403032	21413602	865782128
C2.A11.C2a2_LATD5C_5_191_R1_val_1_bismark_bt2_pe.bam	64006301	44260798	10476130	9269139	234	7747454	36513344	1299157136	48711248	81496012	28385962	152193187	24755841	963614886
C2.A12.C2c4_LATD2C_7_209_R1_val_1_bismark_bt2_pe.bam	64696170	44607062	10206413	9882417	278	7599130	37007932	1349249351	51048879	85908082	28561761	158638562	28813035	996279032
C2.B02.C2h9_ALAS0C_13_254_R1_val_1_bismark_bt2_pe.bam	48008488	33090564	7764335	7153402	187	5098783	27991781	970652662	34931430	63274996	21129501	113515264	21426865	716374606
C2.B03.C2f12_SVAL16C_16_276_R1_val_1_bismark_bt2_pe.bam	62816027	44380863	7713528	10721384	252	7750527	36630336	1292146030	42819847	100078636	22008426	158859994	20122453	948256674
C2.B11.C2f2_LATD4C_3_196_R1_val_1_bismark_bt2_pe.bam	62760360	43115098	10163431	9481649	182	7785853	35329245	1229699751	45150928	81709671	26370040	144281141	26058103	906129868
C2.C01.C2h7_ALAS0C_5_238_R1_val_1_bismark_bt2_pe.bam	69265863	47999008	11026437	10240195	223	7804035	40194973	1365729593	53101825	78177441	32035859	157639584	30798159	1013976725
C2.C02.C2b10_ALAS0C_12_256_R1_val_1_bismark_bt2_pe.bam	54886110	38061292	8337477	8487159	182	6179709	31881583	1095862605	41435984	67088954	24841070	127348177	26336874	808811546
C2.C11.C2h2_LATD2C_6_198_R1_val_1_bismark_bt2_pe.bam	69467926	48606154	9708058	11153441	273	8432354	40173800	1382574836	52964992	86078348	29158667	162991044	29946974	1021434811
C2.D02.C2d10_ALAS0C_3_258_R1_val_1_bismark_bt2_pe.bam	54151255	37669367	8670884	7810854	150	6287862	31381505	1075869163	41002163	64175661	22843789	126414594	21534128	799898828
C2.D03.C2h12_SVAL49C_49_278_R1_val_1_bismark_bt2_pe.bam	62496925	44364211	7721529	10410951	234	7992533	36371678	1199258299	38899990	90703929	20091167	146291965	20374289	882896959
C2.D11.C2a3_LATD5C_20_199_R1_val_1_bismark_bt2_pe.bam	66266995	46290284	9554555	10421891	265	7618701	38671583	1365639766	48812767	94000039	28174406	161751978	28031379	1004869197
C2.E01.C2b8_ALAS0C_4_240_R1_val_1_bismark_bt2_pe.bam	48077968	33270044	8401178	6406599	147	5456424	27813620	995342710	39069993	56172259	22438476	115909735	21633163	740119084
C2.E02.C2g10_ALAS0C_19_261_R1_val_1_bismark_bt2_pe.bam	60136474	42266007	9694137	8176143	187	6607248	35658759	1221588042	46618931	72759431	28169666	141655172	27199520	905185322
C2.E10.C1h12_CASS17C_576_175_R1_val_1_bismark_bt2_pe.bam	62816479	43480236	9295111	10040877	255	7204028	36276208	1261178610	45067298	83680086	25111861	149970187	24781130	932568048
C2.E11.C2c3_LATD5C_2_201_R1_val_1_bismark_bt2_pe.bam	58225491	40774992	8441720	9008542	237	7008764	33766228	1185692288	42952833	78789112	25259432	139257994	21707529	877725388
C2.F10.C1d7_DRY5C_28_92_R1_val_1_bismark_bt2_pe.bam	48290565	33841989	7197701	7250686	189	4987811	28854178	999254666	34337481	69895183	19567934	118881529	18248393	738324146
C2.F11.C2e3_LATD2C_1_203_R1_val_1_bismark_bt2_pe.bam	54335724	37661048	8012351	8662088	237	5955219	31705829	1098262936	39759842	74627265	22532319	129821554	21533828	809988128
C2.G01.C2h8_ALAS0C_10_246_R1_val_1_bismark_bt2_pe.bam	67758037	46207638	11453325	10096869	205	7310926	38896712	1361192829	53241302	76115226	30956570	156914899	32245285	1011719547
C2.G04.C2c12_SVAL12C_12_273_R1_val_1_bismark_bt2_pe.bam	54365625	38060300	7455788	8849338	199	6459324	31600976	1078915198	36956344	79478617	20550861	129609631	19295470	793024275
C2.G12.C2a6_LATD1C_4_223_R1_val_1_bismark_bt2_pe.bam	67007620	46583717	10469661	9953998	244	6973933	39609784	1413587954	53109075	88888733	30687993	164312732	31052266	1045537155
C2.H12.C2g6_ALAS0C_18_229_R1_val_1_bismark_bt2_pe.bam	61502310	41773805	11241759	8486548	198	6720318	35053487	1269130589	48877286	72809468	27866718	147074616	28472210	944030291
Lab_sample5_R1_val_1_bismark_bt2_pe.bam	67505065	47295188	13215893	6993883	101	8427133	38868055	1482246195	57422274	87960706	38671533	154509367	54786056	1088896259
W1.A06.W1b4_DRY1W_3_39_R1_val_1_bismark_bt2_pe.bam	55719535	39007361	7468847	9243127	200	5618278	33389083	1110479116	36690817	81269777	20889280	132726423	21099349	817803470
W1.A07.W1a6_MEAD2W_450_70_R1_val_1_bismark_bt2_pe.bam	54050079	37676582	6882291	9491002	204	5455838	32220744	1048968053	33670072	80063952	19757414	125723807	19668308	770084500
W1.A08.W1e8_WILL7W_448_107_R1_val_1_bismark_bt2_pe.bam	60464752	41816776	8553957	10093807	212	6294138	35522638	1191711292	39640456	85971152	22387519	142903855	22406052	878402258
W1.A09.W1f10_CASS5W_525_130_R1_val_1_bismark_bt2_pe.bam	61139542	42436679	8676859	10025746	258	6425166	36011513	1209972134	43205344	80255038	25525734	142214870	25670200	893100948
W1.B06.W1c4_FERT30W_14F_40_R1_val_1_bismark_bt2_pe.bam	58518750	41263390	8286255	8968882	223	7709633	33553757	1156988940	38849471	82390305	21596148	139083863	21790378	853278775
W1.B08.W1f8_FERT6W_3F_110_R1_val_1_bismark_bt2_pe.bam	60601475	42505100	8274214	9821891	270	6012861	36492239	1213330263	41463539	85199451	23537577	144949943	26587362	891592391
W1.B09.W1b11_CASS17W_574_137_R1_val_1_bismark_bt2_pe.bam	60478582	41845502	8937917	9694918	245	6737509	35107993	1229679406	42970360	85352434	24013381	146504099	23100342	907738790
W1.B10.W1e12_MEAD6W_466_163_R1_val_1_bismark_bt2_pe.bam	61204848	41758458	9458354	9987801	235	6109461	35648997	1203388853	42678955	81657970	25459493	141699921	25501166	886391348
W1.C05.W1g1_WILL4W_417_13_R1_val_1_bismark_bt2_pe.bam	59762432	42006076	7816401	9939737	218	7749893	34256183	1110846132	36503123	81840759	21801357	132265141	25039791	813395961
W1.C08.W1g8_FERT22W_12F_111_R1_val_1_bismark_bt2_pe.bam	59741540	41687477	7931707	10122122	234	6597300	35090177	1186046399	39375005	86608964	21831408	142585460	20527016	875118546
W1.D09.W1f11_DRY6W_31_147_R1_val_1_bismark_bt2_pe.bam	50888360	35591163	7574446	7722517	234	5371701	30219462	1059213006	36700391	73397876	21111397	125986957	22109808	779906577
W1.D10.W1g12_MEAD7W_470_173_R1_val_1_bismark_bt2_pe.bam	60633509	42941053	7829679	9862558	219	6932487	36008566	1196498538	37150049	93525616	21161875	144642379	19590465	880428154
W1.E05.W1c2_CASS7W_600_19_R1_val_1_bismark_bt2_pe.bam	63086511	44142245	8609828	10334238	200	7287775	36854470	1234852451	43655926	82801336	24907879	146460004	23508405	913518901
W1.E07.W1g6_WILL10W_437_84_R1_val_1_bismark_bt2_pe.bam	66199271	46334828	8669728	11194425	290	7271856	39062972	1348402733	49887015	94217115	39102788	147465471	118705926	899024418
W1.E08.W1c9_MEAD1W_444_116_R1_val_1_bismark_bt2_pe.bam	57649851	40112421	8443344	9093837	249	6441463	33670958	1184875472	40783452	82736099	24006923	140693406	25633946	871021646
W1.F06.W1e5_CASS10W_544_60_R1_val_1_bismark_bt2_pe.bam	72316072	49747193	10658439	11910165	275	8735886	41011307	1432888597	49391520	99447682	27443783	171031842	26971193	1058602577
W1.G06.W1g5_WILL1W_403_67_R1_val_1_bismark_bt2_pe.bam	59526933	41746258	8553800	9226677	198	6342199	35404059	1222776083	42560092	83344564	25032363	144550526	24990274	902298264
W1.G08.W1b10_FERT14W_6F_126_R1_val_1_bismark_bt2_pe.bam	64625027	45157033	9592176	9875576	242	6207201	38949832	1367146032	47821173	93521832	28023355	162075783	26983719	1008720170
W1.G09.W1b12_WILL5W_421_154_R1_val_1_bismark_bt2_pe.bam	61509324	42380767	9208889	9919413	255	6964926	35415841	1230283027	41612680	88076472	22359582	148438338	21854539	907941416
W1.H06.W1h5_DRY3W_15_69_R1_val_1_bismark_bt2_pe.bam	61802954	42492649	9188368	10121694	243	6710788	35781861	1254681326	43524160	87767535	24996923	149096833	27543685	921752190
W1.H08.W1d10_CASS9W_539_128_R1_val_1_bismark_bt2_pe.bam	58000659	38422451	10701720	8876273	215	5681675	32740776	1149753907	39002579	82624589	21635926	138424932	23392638	844673243
W1.H09.W1c12_DRY8W_45_155_R1_val_1_bismark_bt2_pe.bam	61769701	42645769	9567487	9556194	251	6752293	35893476	1285026483	44346988	88700618	25736886	152402728	23866832	949972431
W2.1.3f1_LATJ_04W_188_R1_val_1_bismark_bt2_pe.bam	67339953	49288593	10065038	7986166	156	5627219	43661374	1696439443	55818335	109978702	31453625	200120421	34171204	1264897156
W2.20.1b3_CASS_04W_519_R1_val_1_bismark_bt2_pe.bam	76104700	54751750	12251338	9101366	246	7452359	47299391	1777628026	53882500	123094605	29707997	216932820	35075205	1318934899
W2.22.1e1_MEAD_08W_4R0_R1_val_1_bismark_bt2_pe.bam	49208050	36181894	6784565	6241470	121	4410789	31771105	1113485530	34941065	80647442	19859736	132998498	19801101	825237688
W2.23.3c2_LATJ_02W_193_R1_val_1_bismark_bt2_pe.bam	73452701	54127001	10193559	9131941	200	7090123	47036878	1672953688	56449905	112238079	31274773	200269450	32873900	1239847581
W2.3.3b7_ALAS_00W_232_R1_val_1_bismark_bt2_pe.bam	54604383	39989459	8891471	5723324	129	3952013	36037446	1372749440	46291839	78945283	26309503	164316323	32066251	1024820241
W2.5.3f6_ALAS_00W_228_R1_val_1_bismark_bt2_pe.bam	64893267	47183260	9905487	7804404	116	5163403	42019857	1399257708	58400463	70749241	36620631	154832423	47011630	1031643320
W2.7.3h11_SVAL_0W_270_R1_val_1_bismark_bt2_pe.bam	58240881	43121541	8469404	6649797	139	6343288	36778253	1287097983	42022345	98110965	24173363	146112761	32910673	943767876
W2.8.3e11_SVAL_0W_267_R1_val_1_bismark_bt2_pe.bam	54241146	40187162	7846085	6207759	140	4581281	35605881	1315153464	43697843	87454815	25533948	153546304	26647366	978273188
W2.A01.W2e7_ALAS0W_17_235_R1_val_1_bismark_bt2_pe.bam	64118360	44332909	10495756	9289518	177	6869345	37463564	1318898487	49722128	80680836	29788391	153251355	30813637	974642140
W2.A02.W2c9_ALAS0W_14_249_R1_val_1_bismark_bt2_pe.bam	74488733	51554432	12865832	10068265	204	9546595	42007837	1453774003	54934902	87298039	34733717	166950473	43277406	1066579466
W2.B01.W2f7_ALAS0W_3_236_R1_val_1_bismark_bt2_pe.bam	56560523	39150501	9754315	7655524	183	7106875	32043626	1139050273	45697008	61997757	28149134	130257245	26556707	846392422
W2.B12.W2e4_LATD4W_8_211_R1_val_1_bismark_bt2_pe.bam	89011908	59987225	14429680	14594668	335	12483597	47503628	1709208686	62832687	114916554	35017401	202608263	34484959	1259348822
W2.C03.W2g12_SVAL16W_16_277_R1_val_1_bismark_bt2_pe.bam	59370930	41897721	7878708	9594318	183	6972419	34925302	1149844143	39590921	81107942	20742865	138616535	20504833	849281047
W2.C12.W2f4_LATD2W_4_212_R1_val_1_bismark_bt2_pe.bam	56328835	39796326	7801249	8731011	249	5996375	33799951	1179087390	43104748	78485364	23895080	140208652	22660186	870733360
W2.D01.W2a8_ALAS0W_16_239_R1_val_1_bismark_bt2_pe.bam	67974496	46403763	12048795	9521682	256	8211735	38192028	1334153895	51619825	77499246	32014085	152994954	36125818	983899967
W2.D12.W2b5_LATC9W_11_216_R1_val_1_bismark_bt2_pe.bam	52466731	37046706	7049934	8369894	197	6190364	30856342	1076270224	37678114	78033363	21790841	128501580	20374193	789892133
W2.E12.W2e5_LATC1W_12_219_R1_val_1_bismark_bt2_pe.bam	51415041	36035970	7431130	7947772	169	5480900	30555070	1106209246	44456746	64315145	26666139	126592616	26570383	817608217
W2.F01.W2d8_ALAS0W_15_242_R1_val_1_bismark_bt2_pe.bam	59374478	41072314	9665372	8636612	180	6824673	34247641	1180357211	44748109	69804711	27561398	136014854	33361142	868866997
W2.F02.W2a11_ALAS0W_7_263_R1_val_1_bismark_bt2_pe.bam	59971569	41069307	10227576	8674486	200	5970403	35098904	1250105040	48125036	72435258	27197940	145805460	26622254	929919092
W2.F04.W2b12_SVAL8W_8_272_R1_val_1_bismark_bt2_pe.bam	63144104	43675308	8618067	10850460	269	6258752	37416556	1255856436	45092198	84514730	19323217	155035210	18445128	933445953
W2.F12.W2f5_LATC3W_16_220_R1_val_1_bismark_bt2_pe.bam	63351926	45162171	9174289	9015231	235	7273832	37888339	1351167453	51412685	84351373	31969670	155235703	32728223	995469799
W2.G02.W2c11_ALAS0W_8_265_R1_val_1_bismark_bt2_pe.bam	52845028	36169481	8913707	7761658	182	4758163	31411318	1113573258	42159463	67530016	24022203	130117269	23691869	826052438
W2.G11.W2h3_LATD2W_5_206_R1_val_1_bismark_bt2_pe.bam	58826076	41314529	8619818	8891489	240	6709551	34604978	1217330287	44877253	79383951	25054892	143808534	23571043	900634614
W2.H01.W2b9_ALAS0W_18_248_R1_val_1_bismark_bt2_pe.bam	58805777	40042323	10550014	8213247	193	6327964	33714359	1203249968	46806285	70037974	28088193	138881799	28130537	891305180
W2.H02.W2a12_SVAL18W_18_271_R1_val_1_bismark_bt2_pe.bam	62034890	43561148	8696945	9776609	188	6858492	36702656	1295438843	46479371	87986616	25324550	154274722	23505350	957868234
W2.H04.W2d12_SVAL6W_6_274_R1_val_1_bismark_bt2_pe.bam	60514990	42533816	7816328	10164584	262	6809947	35723869	1181190341	41671595	82975766	22573929	141592222	22201724	870175105
W2.H10.W2h1_LATC5W_18_190_R1_val_1_bismark_bt2_pe.bam	67182355	47652613	9294105	10235403	234	9150665	38501948	1330790612	51131977	80885230	29837193	154548219	30547311	983840682
W2.H11.W2a4_LATD4W_9_207_R1_val_1_bismark_bt2_pe.bam	81955131	56730811	11723870	13500136	314	10893416	45837395	1628768348	57951778	112998186	32939492	192631972	32123323	1200123597
W4.G10.W2d1_DRY9W_50_185_R1_val_1_bismark_bt2_pe.bam	48428872	33193422	7313881	7921374	195	3180465	30012957	1040958557	34655700	76304436	19247162	125676262	18990795	766084202
